
vuosi-puolikas.
kaana

Siirto
Vuosipuolikkaana
vakuutettu.
Summa.



















75,97011665,3110;12,774,5931


1,906,440
2,544,13013,571,450

15,316,

285,030
13,320,900
15,033,
37,340
351,230
412,270

49,460



2,430


3,220

317,000





220
277,550
316,
7,340
281,610
324,740
15,010
18,240
297,220
342,
2,900
3,430
294,260
339,550

45,890
52,830
1,970
2,240
47,800
55
140

47,760
54,930
300
42,030
49,080



49
20
20
42,010
49,060
370
164,210
186,130
10,530
12,220
174,740
196,
:300
330
174,440

5,640
264,460,
327,240
16,530

300,990

5,520
0,500
295,470
340,850
21,110
80,110
64,250
25,8180
29,640
105,990




113,890



15.010








145,030
170,310
18,600
33,810
163,630
204,120
5,930
7,680
157,700
196,440


217,320

59,950
204,940
277,270
21,570

243,370
260,290
26,740

30,800



331



30,800


23,420
2,400
2
22,750
25,



25,820

29,580
33,890
20,230
38,720
49,810


3,
46,820
69,420
820
118,940
137,780
14.740
17,340
133,660

4,050
5,470
128,730
149,650
34,980

38,390



38,3931



38,390
4,110
336,210
370,030
53,270
5:,3

429,590
1,500.
1,790
389,980
427,800
8,340
112,120
127,120
5,000


132,950

390
110,790
132,560


156,510
71,100

213
237,560

370
212,770
237,190
200
206,840,
226,690

58

264,910
26,360
27,560

257,350
3,480
243,410
252,930

30,640
70,550
283,570
2,650
3,120
267,900
280,450


70,000
38,970
35,110
101
105,110




5,120

5,940
40
40,720

52,660



52,660
11,





12,990



12,990


05,050

20,630
75,370




85,680
10
101,090
112,170

85,260
174,070
197,430




197,430
——
92,940
101,730


102,550
112,770
3,350
3,970
99,200
138,800

110,450
124,330

41
154,200
166,200



166,200
116,510

132,350

10
125,490
142,560

——
125,490
142,560
14,400
260,630
295,020


305,590
358,510
11730
13,520
,860
344,990


22,710
3,520

22,900
,020

3,590
19,970
23,430
0,840
375,740
397,680
90,
96,340
465,890
494,020

21,370
443,600
472,650

176,060
181,910

25,160
196,790
207,070

11,500
188,140
195,570
—
100,480
111,050
16,560
19,060
117,060
130,110
80
100
116,980
130,010
3,180
79,470
89,850
31,560
35,570
111,030
125,420
7,200
7,970
133,830
117,450
39,180

44,870



44,870


39,160
44,870



1,270
1,560
94,990
104,450
590
660
94,400
143,790
4,580
65,850
73,010
1,870
2,130
67,720
75,140



75


10,750
3,130
3,540
12,200
14,290
1,720
1,930
10,540

134,140

153,530
40,060
141,270,
174,200
294,800
3,820
4,000
170,380





2,861,700


22,

433

21
